       [1.900000e+01, 1.100000e+01, 1.000000e+00, 0.000000e+00, 0.000000e+00, 1.000000e+00, 8.870879e+03],
       [3.400000e+01, 1.100000e+01, 1.000000e+00, 0.000000e+00, 0.000000e+00, 1.000000e+00, 8.912484e+03],
       [2.300000e+01, 1.200000e+01, 0.000000e+00, 1.000000e+00, 0.000000e+00, 0.000000e+00, 8.960684e+03],
       [2.700000e+01, 1.300000e+01, 1.000000e+00, 0.000000e+00, 0.000000e+00, 0.000000e+00, 8.797348e+03],
       [2.600000e+01, 1.000000e+01, 1.000000e+00, 0.000000e+00, 1.000000e+00, 1.000000e+00, 9.107431e+03],
       [2.100000e+01, 1.100000e+01, 0.000000e+00, 1.000000e+00, 0.000000e+00, 1.000000e+00, 8.920471e+03],
       [2.900000e+01, 9.000000e+00, 1.000000e+00, 0.000000e+00, 0.000000e+00, 1.000000e+00, 9.160693e+03],
       [3.500000e+01, 1.100000e+01, 1.000000e+00, 0.000000e+00, 1.000000e+00, 1.000000e+00, 8.720905e+03],
       [1.800000e+01, 1.100000e+01, 1.000000e+00, 0.000000e+00, 0.000000e+00, 1.000000e+00, 8.784237e+03],
       [2.000000e+01, 1.200000e+01, 0.000000e+00, 0.000000e+00, 1.000000e+00, 0.000000e+00, 8.644156e+03],
       [2.200000e+01, 1.100000e+01, 1.000000e+00, 0.000000e+00, 0.000000e+00, 1.000000e+00, 8.774791e+03],
       [2.300000e+01, 1.100000e+01, 1.000000e+00, 0.000000e+00, 0.000000e+00, 1.000000e+00, 8.959589e+03],
       [2.600000e+01, 1.000000e+01, 1.000000e+00, 0.000000e+00, 1.000000e+00, 1.000000e+00, 8.141703e+03],
       [2.400000e+01, 1.100000e+01, 1.000000e+00, 0.000000e+00, 0.000000e+00, 1.000000e+00, 9.180920e+03],
       [2.900000e+01, 1.000000e+01, 0.000000e+00, 1.000000e+00, 0.000000e+00, 0.000000e+00, 9.227559e+03],
       [2.200000e+01, 1.200000e+01, 0.000000e+00, 0.000000e+00, 0.000000e+00, 0.000000e+00, 8.455504e+03],
       [1.700000e+01, 1.100000e+01, 1.000000e+00, 0.000000e+00, 0.000000e+00, 1.000000e+00, 8.497436e+03],
       [2.100000e+01, 1.300000e+01, 0.000000e+00, 0.000000e+00, 0.000000e+00, 0.000000e+00, 8.616852e+03], 
      
       [ 7396.292,  5611.866,  7078.178,  1653.481, 12659.58 , 20857.84 , 0.   ,     0.   ,  1824.377,  8924.395], 
       [11656.51   , 18295.82   ,  1659.5    ,  4635.66   ,     0.     , 5112.014  ,     0.     , 12590.71   ,  9017.004  ,    99.57002],
      
      [2.000000e+01, 1.300000e+01, 1.000000e+00, 0.000000e+00, 0.000000e+00, 0.000000e+00, 8.965243e+03]